0.003403 0.000054 
0.003407 0.000053 
0.003578 0.000052 
0.003395 0.000053 
0.003362 0.000264 
0.003521 0.000259 
0.003375 0.000053 
0.003465 0.000051 
0.003366 0.000053 
0.172008 0.047066 0.121472 0.000000 0.011677 
0.145125 0.046142 0.097374 0.000000 0.001801 
0.144892 0.046129 0.096878 0.000000 0.001946 
0.144517 0.046172 0.097198 0.000000 0.010355 
0.131188 0.046129 0.096370 0.000000 0.775078 
0.131275 0.046230 0.096596 0.000000 0.001700 
0.163427 0.047589 0.120122 0.000000 0.011227 
0.003605 0.000232 
0.146666 0.046834 0.096866 0.000000 0.001766 
0.146894 0.046181 0.097553 0.000000 0.001932 
0.132419 0.047076 0.097673 0.000000 0.001828 
0.141270 0.046582 0.097151 0.000000 0.001925 
0.001186 0.000011 
0.001285 0.000012 
0.134880 0.086558 0.100777 0.000000 0.002383 
0.146849 0.046912 0.097665 0.000000 0.001853 
0.150059 0.046708 0.098113 0.000000 0.002310 
0.141424 0.045413 0.098289 0.000000 0.002062 
0.131706 0.046122 0.096682 0.000000 0.001790 
0.139823 0.046172 0.129920 0.000000 0.001711 
0.136161 0.046393 0.098514 0.000000 0.001630 
0.152659 0.090750 0.102949 0.000000 0.001557 
0.152032 0.045148 0.073094 0.000000 0.002257 
0.144926 0.046758 0.073344 0.000000 0.001701 
0.150598 0.047712 0.073882 0.000000 0.001809 
0.149787 0.046405 0.073071 0.000000 0.001700 
0.152021 0.044277 0.110324 0.000324 0.001205 
0.131850 0.044896 0.073416 0.000000 0.001892 
0.137928 0.090294 0.100391 0.000000 0.002337 
0.132242 0.046820 0.098405 0.000000 0.001748 
0.138295 0.092085 0.100860 0.000000 0.002273 
